# mask e[abcd]x => e[abcd]x
1 0 0 0 0 => 16 756e6547 6c65746e 49656e69
1 1 0 0 0 => 50654 14200800 7ffefbff bfebfbff
1 2 0 0 0 => 76036301 f0b6ff 0 c30000
1 3 0 0 0 => 0 0 0 0
5 4 0 0 0 => 3c004121 1c0003f 3f 0
5 4 0 1 0 => 3c004122 1c0003f 3f 0
5 4 0 2 0 => 3c004143 3c0003f 3ff 0
5 4 0 3 0 => 3c07c163 280003f 4fff 4
5 4 0 4 0 => 0 0 0 0
1 5 0 0 0 => 40 40 3 2020
1 6 0 0 0 => 77 2 9 0
5 7 0 0 0 => 0 d39ffffb 18 9c002400
1 9 0 0 0 => 0 0 0 0
1 a 0 0 0 => 7300804 0 0 603
5 b 0 0 0 => 1 2 100 14
5 b 0 1 0 => 5 14 201 14
5 b 0 2 0 => 0 0 2 14
5 d 0 0 0 => 2ff a88 a88 0
5 d 0 1 0 => f a08 100 0
5 d 0 2 0 => 100 240 0 0
5 d 0 3 0 => 40 3c0 0 0
5 d 0 4 0 => 40 400 0 0
5 d 0 5 0 => 40 440 0 0
5 d 0 6 0 => 200 480 0 0
5 d 0 7 0 => 400 680 0 0
5 d 0 8 0 => 80 0 1 0
5 d 0 9 0 => 8 a80 0 0
5 f 0 0 0 => 0 4f 0 2
5 f 0 1 0 => 0 a000 4f 7
5 10 0 0 0 => 0 a 0 0
5 10 0 1 0 => a 600 4 f
5 10 0 2 0 => 0 0 0 0
5 10 0 3 0 => 59 0 4 7
5 14 0 0 0 => 1 f 7 0
5 14 0 1 0 => 2490002 3f3fff 0 0
1 15 0 0 0 => 2 b0 0 0
1 16 0 0 0 => 898 bb8 64 0
1 80000000 0 0 0 => 80000008 0 0 0
1 80000001 0 0 0 => 0 0 121 2c100800
1 80000002 0 0 0 => 65746e49 2952286c 6f655820 2952286e
1 80000003 0 0 0 => 6c695320 20726576 34313134 55504320
1 80000004 0 0 0 => 32204020 4730322e 7a48 0
1 80000005 0 0 0 => 0 0 0 0
1 80000006 0 0 0 => 0 0 1006040 0
1 80000007 0 0 0 => 0 0 0 100
1 80000008 0 0 0 => 302e 0 0 0
